98740134
1725523210
147997328
7204398
11872572
10362796
184857954
4096003110
952429172
36707146
4579980
2426294578
26187584
5216630
8158376
19801228
11507994
29710640
14985762
27679016
17956566
18608298
2907398536
9278722
6983836
4031906084
8075724
6097146
6121228
15279092
13797878
413742980
8637728
6149818
12974080
6568716
11336744
16316648
500359798
9213098
13021256
12865534
8727642
8212364
8431662
129075604
9813512
10310600
12771284
58105034
7421284
27446948
15993324
17818812
2811519280
35991240
1154341324
9668920
12024181