50026386
232166032
580197236
63832318
22336016
13743392
199802002
572233622
70660090
35961212
10771494
16382710
27389460
61196578
12622526
12263388
11031388
1588546256
34858234
20422442
487931920
10498066
21979896
20341494
8426670
22745314
11576650
9258656
787417644
33327030
18524870
26172626
35592646
679168344
22106818
1132605702
3176661380
11057306
282518496
40868682
1931265102
1039408184
4139228328
36784486
18285690
33611028
22040554
59994658
49732976
28155218
28266432
365322996
9757252
26178176
1071298268
144536416
23322676
60358664
33963828
710258968
15174667624
533164304
402857476
149596546
18950836
14133198
47292578
8281894
32973444
28446156
57797266
14122454
27393834
25715000
21305656
1158752720
2767891546
68469298
47573988
2822006322
336568426
26858316
276381582
629199230
35074812
14942964
30179974
26270346
305592402
25587992
22243234
656676504
249855606
110179188
30588248
17499110
83666798
18979300
507511658
2624577840
17740468
12880652
340673170
17689652
2292305618
25603336
13411244
90385780
6894454
29556428