249840
97942
62226
77084
45142
117912
207284
109810
201286
1974388
102252
318608
1480602
102048
140858
161870
100480
116304
174902
73234
79654
455224
172966
195836
94602
45484
340610
82058
264430
28100
94056
111208
154650
79114
78970
29356
400848
719262
74324
127598
118324
100288
103256
137066
191664
144982
57614
1871248
128644
105876
226412
349188
144932
250908
142122
66384
124780
55926
130500
94696
557388
30620
130050
144792
94162
318068
70266
264898
194554
147902
136166
178874
126946
194442
100230
294524
131642
137976
215184
88958
299808
139158
432786
355414
260524
51518
177198
240906
67248
184586
117948
324988
791868
68026
189394
202294
271120
387204
133728
124456
86360
207472
134804
202156
201960
190474
110088
229538
79328
96738
997524
100492
49412
58164
158398
52260
59496
134926
39752
99972
98612
59432
147644
48694
45896
296274
238582
77374
293052
99254
26370
137248
79348
89842
99768
114644
189356
117746
81970
53118
828374
124364
169230
80016
149088
840998
119626
31588
66088
56748
75768
95282
221386
184238
264974
51774
77978
88944
104370
36616
184602
78736
136622
146858
127234
86084
156824
97632
106206
190240
141098
14984
75394
79188
96562
318102
117084
223938
80732
232930
89858
87006
61522
195466
42720
20920
119756
128608
161910
176540
55664
122664
571756
199814
96028
100730
191616
196820
351708
162386
23370
97246
201708
114706
46796
106938
85614
271308
104026
131926
114330
669212
106228
109732
61574
60824
72400
295978
60736
503370
446566
58218
103388
122820
142506
45996
153968
264630
315750
161836
192696
75794
106750
122658
746892
117478
76266
124092
77736
197326
201398
147116
181656
111908
75082
186326
81378
371202
186596
125806
115538
83872
135142
491618
98844
169978
77432
107808
58246
83150
85240
172766
84010
589932
155480
226902
104910
106608
136774
131082
145948
74988
314132
88110
60846
149028
89532
103210
42362
159464
179352
179766
147272
122770
262656
229420
257320
68678
103800
352326
188024
186316
363154
1581058
169726
53904
420926
76056
109872
44824
477316
85864
68946
181898
66356
163616
127960
339804
102330
151162
55374
56114
305528
163300
489984
70734
367344
70312
55390
340118
82180
118210
212774
83042
147062
617946
1841608
322548
93136
186734
110280
158160
272418
58050
89756
172464
274990
183878
81154
129338
134178
200392
128004
90274
150584
108068
171598
86664
246530
102192
39484
114146
422426
387566
274442
23768
52170
63174
77242
131032
82522
82194
157244
259470
79940
93952
433254
468242
168148
56964
76606
511384
77594
632484
144984
45412
222856
284808
1506534
54514
181490
244610
158244
235282
149010
122934
3193714
127260
37826
170134
113500
174968
110484
83578
149370
184424
86946
116096
109278
199004
66826
221968
109224
113300
87478
144878
198008
33010
123916
48594
214530